c1 =  [[[0,0,0], [233,349.5,279.6], [235,352.5,282], [187,280.5,224.4], [168,252,201.6], [249,373.5,298.8], [95,142.5,114], [190,285,228]],
     [[233,349.5,279.6], [0,0,0], [131,196.5,157.2], [98,147,117.6], [108,162,129.6], [57,85.5,68.4], [190,285,228], [43,64.5,51.6]], 
      [[235,352.5,282], [131,196.5,157.2], [0,0,0], [75,112.5,90], [184,276,220.8], [74,111,88.8], [150,225,180], [104,156,124.8]],
      [[187,280.5,224.4 ], [98,147,117.6], [75,112.5,90], [0,0,0], [118,177,141.6], [62,93,74.4], [92,138,110.4], [55,82.5,66]], 
     [[168,252,201.6], [108,162,129.6], [184,276,220.8], [118,177,141.6], [0,0,0], [121,181.5,145.2], [162,243,194.4], [80,120,96]], 
     [[249,373.5,298.8], [57,85.5,68.4], [74,111,88.8], [62,93,74.4], [121,181.5,145.2], [0,0,0], [154,231,184.8], [41,61.5,49.2]],
       [[95,142.5,114], [190,285,228], [150,225,180], [92,138,110.4], [162,243,194.4], [154,231,184.8], [0,0,0], [147,220.5,176.4]], 
       [[190,285,228], [43,64.5,51.6], [104,156,124.8], [55,82.5,66], [80,120,96], [41,61.5,49.2], [147,220.5,176.4], [0,0,0]]];


c2 =  [[[0,0,0], [148,222,177.6], [88,132,105.6], [127,190.5,152.4], [134,201,160.8], [180,270,216], [42,63,50.4], [105,157.5,126], [139,208.5,166.8], [79,118.5,94.8]],
 [[148,222,177.6], [0,0,0], [171,256.5,205.2], [259,388.5,310.8], [217,325.5,260.4], [312,468,374.4], [182,273,218.4], [116,174,139.2], [273,409.5,327.6], [77,115.5,92.4]], 
 [[88,132,105.6], [171,256.5,205.2], [0,0,0], [61,91.5,73.2], [46,69,55.2], [112,168,134.4], [65,97.5,78], [57,85.5,68.4], [121,181.5,145.2], [97,145.5,116.4]], 
 [[127,190.5,152.4], [259,388.5,310.8], [61,91.5,73.2], [0,0,0], [72,108,86.4], [55,82.5,66], [85,127.5,102], [118,177,141.6], [60,90,72], [185,277.5,222]],
 [[134,201,160.8], [217,325.5,260.4], [46,69,55.2], [72,108,86.4], [0,0,0], [89,133.5,106.8], [111,166.5,133.2], [72,108,86.4], [132,198,158.4], [111,166.5,133.2]], 
 [[180,270,216], [312,468,374.4], [112,168,134.4], [55,82.5,66], [89,133.5,106.8], [0,0,0], [138,207,165.6], [169,253.5,202.8], [112,168,134.4], [238,357,285.6]],
 [[42,63,50.4], [182,273,218.4], [65,97.5,78], [85,127.5,102], [111,166.5,133.2], [138,207,165.6], [0,0,0], [110,165,132], [97,145.5,116.4], [108,162,129.6]],
 [[105,157.5,126], [116,174,139.2], [57,85.5,68.4], [118,177,141.6], [72,108,86.4], [169,253.5,202.8], [110,165,132], [0,0,0], [178,267,213.6], [39,58.5,46.8]],
 [[139,208.5,166.8], [273,409.5,327.6], [121,181.5,145.2], [60,90,72], [132,198,158.4], [112,168,134.4], [97,145.5,116.4], [178,267,213.6], [0,0,0], [199,298.5,238.8]],
 [[79,118.5,94.8], [77,115.5,92.4], [97,145.5,116.4], [185,277.5,222], [111,166.5,133.2], [238,357,285.6], [108,162,129.6], [39,58.5,46.8], [199,298.5,238.8], [0,0,0]]];




c3 = [[[0,0,0], [42,63,50.4], [117,175.5,140.4], [107,160.5,128.4], [38,57,45.6 ], [152,228,182.4], [86,129,103.2], [68,102, 81.6], [70,105,84], [151,226.5,181.2]], 
 [[42,63,50.4 ], [0,0,0], [159,238.5,190.8], [149,223.5,178.8], [80,120,96], [193,289.5,231.6], [127,190.5,152.4], [100,150,120], [28,42,33.6], [193,289.5,231.6]],
 [[117,175.5,140.4], [159,238.5,190.8], [0,0,0], [106,159,127.2], [79,118.5,94.8], [165,247.5,198], [141,211.5,169.2], [95,142.5,114], [187,280.5,224.4], [103,154.5,123.6]],
 [[107,160.5,128.4], [149,223.5,178.8], [106,159,127.2], [0,0,0], [69,103.5,82.8], [59,88.5,70.8], [35,52.5,42], [125,187.5,150], [167,250.5,200.4], [44,66,52.8]],
 [[38,57,45.6], [80,120,96], [79,118.5,94.8], [69,103.5,82.8], [0,0,0], [122,183,146.4], [56,84,67.2], [56,84,67.2], [108,162,129.6], [113,169.5,135.6]],
 [[152,228,182.4], [193,289.5,231.6], [165,247.5,198], [59,88.5,70.8], [122,183,146.4], [0,0,0], [66,99,79.2], [178,267,213.6], [198,297,237.6], [77,115.5,92.4]],
 [[86,129,103.2], [127,190.5,152.4], [141,211.5,169.2], [35,52.5,42], [56,84,67.2], [66,99,79.2], [0,0,0], [112,168,134.4], [132,198,158.4 ], [79,118.5,94.8]],
 [[68,102,81.6], [100,150,120], [95,142.5,114], [125,187.5,150], [56,84,67.2], [178,267,213.6], [112,168,134.4], [0,0,0], [128,192,153.6], [169,253.5,202.8]], 
 [[70,105,84], [28,42,33.6], [187,280.5,224.4], [167,250.5,200.4], [108,162,129.6], [198,297,237.6], [132,198,158.4], [128,192,153.6], [0,0,0], [211,316.5,253.2]],
 [[151,226.5,181.2], [193,289.5,231.6], [103,154.5,123.6], [44,66,52.8], [113,169.5,135.6], [77,115.5,92.4], [79,118.5,94.8], [169,253.5,202.8], [211,316.5,253.2], [0,0,0]]];



 A3 = [3,9,10,13,14,16,17,18,19,21] // node
 p3 = [[17] [14] [10] [18] [13] [18] [13] [20] [18] [11] ];  // p_cost
 
 q3 = [[135] [144] [147] [133] [124] [122] [121] [147] [122] [134]];   // p_avl

 A1 = [6,7,12,15,22,23,24,26]  // node

 p1 = [[16] [16] [18] [18] [19] [12] [17] [20] ]; // p_cost
 
 
 q1 = [[146] [147] [133] [122] [147] [138] [143] [129] ]; // p_avl


 A2 = [1,2,4,5,8,11,20,25,27,28]
  p2 = [[17] [17] [20] [11] [14] [10] [11] [14] [11] [17] ];
  
  q2 = [[141] [135] [133] [147] [144] [146] [134] [120] [138] [123] ];