n = 3;   // Number of Products
 m = 8;  // Number of Markets
 vr = 3;  // Number of Vehicles


c =  [[[0,0,0], [233,349.5,279.6], [235,352.5,282], [187,280.5,224.4], [168,252,201.6], [249,373.5,298.8], [95,142.5,114], [190,285,228]],
     [[233,349.5,279.6], [0,0,0], [131,196.5,157.2], [98,147,117.6], [108,162,129.6], [57,85.5,68.4], [190,285,228], [43,64.5,51.6]], 
      [[235,352.5,282], [131,196.5,157.2], [0,0,0], [75,112.5,90], [184,276,220.8], [74,111,88.8], [150,225,180], [104,156,124.8]],
      [[187,280.5,224.4 ], [98,147,117.6], [75,112.5,90], [0,0,0], [118,177,141.6], [62,93,74.4], [92,138,110.4], [55,82.5,66]], 
     [[168,252,201.6], [108,162,129.6], [184,276,220.8], [118,177,141.6], [0,0,0], [121,181.5,145.2], [162,243,194.4], [80,120,96]], 
     [[249,373.5,298.8], [57,85.5,68.4], [74,111,88.8], [62,93,74.4], [121,181.5,145.2], [0,0,0], [154,231,184.8], [41,61.5,49.2]],
       [[95,142.5,114], [190,285,228], [150,225,180], [92,138,110.4], [162,243,194.4], [154,231,184.8], [0,0,0], [147,220.5,176.4]], 
       [[190,285,228], [43,64.5,51.6], [104,156,124.8], [55,82.5,66], [80,120,96], [41,61.5,49.2], [147,220.5,176.4], [0,0,0]]];



// A = [6,7,12,15,22,23,24,26]
p = [[16 10 12] [16 15 14] [18 15 12] [18 12 17] [19 16 17] [12 16 14] [17 11 14] [20 15 18]];
 
q = [[46 49 52] [37 58 67] [33 66 59] [32 53 65] [37 48 68] [48 42 55] [43 54 50] [49 67 69]];
 
//d = [137,145,157]; // dnd = 3000
d = [145,231,241]; // dnd = 2500