n = 3;   // Number of Products FOR MULTI PRODUCTS
 m = 10;  // Number of Markets
 vr = 3;  // Number of Vehicles

c = [[[0,0,0], [42,63,50.4], [117,175.5,140.4], [107,160.5,128.4], [38,57,45.6 ], [152,228,182.4], [86,129,103.2], [68,102, 81.6], [70,105,84], [151,226.5,181.2]], 
 [[42,63,50.4 ], [0,0,0], [159,238.5,190.8], [149,223.5,178.8], [80,120,96], [193,289.5,231.6], [127,190.5,152.4], [100,150,120], [28,42,33.6], [193,289.5,231.6]],
 [[117,175.5,140.4], [159,238.5,190.8], [0,0,0], [106,159,127.2], [79,118.5,94.8], [165,247.5,198], [141,211.5,169.2], [95,142.5,114], [187,280.5,224.4], [103,154.5,123.6]],
 [[107,160.5,128.4], [149,223.5,178.8], [106,159,127.2], [0,0,0], [69,103.5,82.8], [59,88.5,70.8], [35,52.5,42], [125,187.5,150], [167,250.5,200.4], [44,66,52.8]],
 [[38,57,45.6], [80,120,96], [79,118.5,94.8], [69,103.5,82.8], [0,0,0], [122,183,146.4], [56,84,67.2], [56,84,67.2], [108,162,129.6], [113,169.5,135.6]],
 [[152,228,182.4], [193,289.5,231.6], [165,247.5,198], [59,88.5,70.8], [122,183,146.4], [0,0,0], [66,99,79.2], [178,267,213.6], [198,297,237.6], [77,115.5,92.4]],
 [[86,129,103.2], [127,190.5,152.4], [141,211.5,169.2], [35,52.5,42], [56,84,67.2], [66,99,79.2], [0,0,0], [112,168,134.4], [132,198,158.4 ], [79,118.5,94.8]],
 [[68,102,81.6], [100,150,120], [95,142.5,114], [125,187.5,150], [56,84,67.2], [178,267,213.6], [112,168,134.4], [0,0,0], [128,192,153.6], [169,253.5,202.8]], 
 [[70,105,84], [28,42,33.6], [187,280.5,224.4], [167,250.5,200.4], [108,162,129.6], [198,297,237.6], [132,198,158.4], [128,192,153.6], [0,0,0], [211,316.5,253.2]],
 [[151,226.5,181.2], [193,289.5,231.6], [103,154.5,123.6], [44,66,52.8], [113,169.5,135.6], [77,115.5,92.4], [79,118.5,94.8], [169,253.5,202.8], [211,316.5,253.2], [0,0,0]]];

// A = [3,9,10,13,14,16,17,18,19,21]
p = [[17 15 14 ] [14 13 12] [10 11 12] [18 15 12] [13 15 14] [18 12 17] [13 13 15] [20 18 16] [18 16 14] [11 12 13] ];
 
q = [[45 50 68] [34 46 70] [47 66 62] [33 66 59] [44 59 66] [32 53 65] [41 69 59] [37 57 52] [42 43 62] [44 56 67]];
 
//d = [125,163,180]; // dnd = 3000
d = [206,282,309]; // dnd = 2500