n = 3;   // Number of Products
 m = 10;  // Number of Markets
vr = 3;  // Number of Vehicles

c =  [[[0,0,0], [148,222,177.6], [88,132,105.6], [127,190.5,152.4], [134,201,160.8], [180,270,216], [42,63,50.4], [105,157.5,126], [139,208.5,166.8], [79,118.5,94.8]],
 [[148,222,177.6], [0,0,0], [171,256.5,205.2], [259,388.5,310.8], [217,325.5,260.4], [312,468,374.4], [182,273,218.4], [116,174,139.2], [273,409.5,327.6], [77,115.5,92.4]], 
 [[88,132,105.6], [171,256.5,205.2], [0,0,0], [61,91.5,73.2], [46,69,55.2], [112,168,134.4], [65,97.5,78], [57,85.5,68.4], [121,181.5,145.2], [97,145.5,116.4]], 
 [[127,190.5,152.4], [259,388.5,310.8], [61,91.5,73.2], [0,0,0], [72,108,86.4], [55,82.5,66], [85,127.5,102], [118,177,141.6], [60,90,72], [185,277.5,222]],
 [[134,201,160.8], [217,325.5,260.4], [46,69,55.2], [72,108,86.4], [0,0,0], [89,133.5,106.8], [111,166.5,133.2], [72,108,86.4], [132,198,158.4], [111,166.5,133.2]], 
 [[180,270,216], [312,468,374.4], [112,168,134.4], [55,82.5,66], [89,133.5,106.8], [0,0,0], [138,207,165.6], [169,253.5,202.8], [112,168,134.4], [238,357,285.6]],
 [[42,63,50.4], [182,273,218.4], [65,97.5,78], [85,127.5,102], [111,166.5,133.2], [138,207,165.6], [0,0,0], [110,165,132], [97,145.5,116.4], [108,162,129.6]],
 [[105,157.5,126], [116,174,139.2], [57,85.5,68.4], [118,177,141.6], [72,108,86.4], [169,253.5,202.8], [110,165,132], [0,0,0], [178,267,213.6], [39,58.5,46.8]],
 [[139,208.5,166.8], [273,409.5,327.6], [121,181.5,145.2], [60,90,72], [132,198,158.4], [112,168,134.4], [97,145.5,116.4], [178,267,213.6], [0,0,0], [199,298.5,238.8]],
 [[79,118.5,94.8], [77,115.5,92.4], [97,145.5,116.4], [185,277.5,222], [111,166.5,133.2], [238,357,285.6], [108,162,129.6], [39,58.5,46.8], [199,298.5,238.8], [0,0,0]]];

// A = [1,2,4,5,8,11,20,25,27,28]
p = [[17 18 16] [17 15 14] [20 17 18] [11 13 15] [14 13 12] [10 14 12] [11 12 13] [14 10 13] [11 16 12] [17 14 18] ];
 
q = [[35 45 55] [45 50 68] [33 62 58 ] [47 64 65 ] [34 46 70] [46 55 53] [44 56 67] [40 62 70] [38 69 52] [33 70 60]];
 
//d = [119,163,192]; // dnd = 3000
d = [115,149,156]; // dnd = 2500